$ 1 0.0000049999999999999996 100.89512123094175 50 12 43 5e-11
a 96 -48 208 -48 9 12 -12 1000000 4.192355283415741 0 100000
w 208 -48 208 48 0
w 96 -64 48 -64 0
r 96 -32 16 -32 0 4700
w 96 -32 96 0 0
r 96 0 16 0 0 100000
w 96 0 96 48 0
s 48 -64 -16 -64 0 1 true
w 208 -48 256 -48 0
r 208 48 208 112 0 10000
w 256 -48 256 112 0
t 224 128 256 128 0 -1 -0.5200719051568514 6.727926460356574 100 default
w 208 112 208 128 0
w 224 128 208 128 0
r 256 144 256 224 0 22000
r 256 224 256 304 0 22000
w 208 128 160 128 0
r 160 128 160 224 0 22000
t 128 240 160 240 0 1 0.5652203693683937 -3.0939393189133177 100 default
r 64 240 0 240 0 47000
r 432 384 432 496 0 4700
r 432 384 432 256 0 4700
r 432 128 432 -16 0 4700
w 480 256 432 256 0
w 480 224 464 224 0
w 464 224 464 304 0
w 464 304 560 304 0
r 624 400 624 496 0 1000000
r 96 48 208 48 0 10000
w 480 128 432 128 0
w 432 128 432 256 0
w 480 160 480 192 0
w 480 192 592 192 0
w 592 192 592 240 0
w 592 144 640 144 0
d 640 144 720 144 2 default
r 592 144 592 64 0 82000
w 768 240 768 192 0
c 768 192 896 192 4 2.2e-10 11.892834478047007 0.001 0
w 896 192 896 256 0
r 768 192 768 144 0 1000000
w 720 144 768 144 0
w 592 240 592 272 0
r 592 272 768 272 0 2700
r 768 272 768 336 0 5600
w 896 256 944 256 0
r 944 256 944 336 0 10000
r 944 256 1040 256 0 68000
w 1040 256 1040 384 0
w 592 272 592 320 0
w 592 320 704 320 0
w 704 320 704 480 0
c 704 480 784 480 4 1e-9 11.98267150059599 0.001 0
r 784 480 1040 480 0 68000
w 1040 384 1040 480 0
d 784 560 784 480 2 default
t 1040 384 1104 384 0 1 -11.896206936136165 0.020635238752302297 100 default
w 768 144 1088 144 0
w 1088 144 1104 144 0
r 1104 144 1104 240 0 330
c 1104 144 1104 80 4 4.7000000000000005e-7 -0.08321439875880188 0.001 0
w 1104 240 1104 368 0
r 1104 240 1184 240 0 470000
r 1184 240 1184 336 0 15000
t 1184 240 1248 240 0 -1 -0.0025706807206944404 11.99742792254614 100 default
t 1360 240 1296 240 0 -1 5.999999708892764 5.999999524506431 100 default
w 1248 224 1296 224 0
r 1248 256 1248 528 0 100000
r 1248 224 1248 128 0 15000
w 1248 128 1248 -112 0
r 1360 240 1424 240 0 47000
174 1456 192 1456 288 5 1000 0.5 Resistance
w 1424 240 1440 240 0
r 64 240 64 304 0 10000
w 64 240 128 240 0
c 656 400 656 496 4 2.7e-8 -0.0011998800184365166 0.001 0
w 656 400 624 400 0
w 480 384 448 384 0
w 448 384 432 384 0
w 432 496 432 528 0
R 64 304 64 352 0 0 40 12 0 0 0.5
R 624 496 624 544 0 0 40 12 0 0 0.5
R 1184 336 1184 384 0 0 40 12 0 0 0.5
R 1248 528 1248 576 0 0 40 12 0 0 0.5
R 432 -16 432 -64 0 0 40 12 0 0 0.5
R 768 336 768 384 0 0 40 12 0 0 0.5
R 944 336 944 384 0 0 40 12 0 0 0.5
R 1104 80 1104 32 0 0 40 12 0 0 0.5
R 592 64 592 16 0 0 40 12 0 0 0.5
R 16 -32 -32 -32 0 0 40 12 0 0 0.5
R 160 256 160 304 0 0 40 12 0 0 0.5
R 1456 288 1456 336 0 0 40 12 0 0 0.5
R 656 496 656 544 0 0 40 12 0 0 0.5
g 16 0 -32 0 0 0
g 432 528 432 560 0 0
g 784 560 784 592 0 0
g 1104 400 1104 432 0 0
g 1296 256 1296 288 0 0
401 480 400 592 400 5 8\s15\s-15\s1000000\s4\s0\s100000 2\s20\s10000000000\s2.5 1\s0
401 480 240 592 240 5 8\s15\s-15\s1000000\s11.998800119981563\s8\s100000 2\s20\s10000000000\s2.5 1\s0
401 480 144 592 144 5 8\s15\s-15\s1000000\s8\s11.999990040008253\s100000 2\s20\s10000000000\s2.5 1\s0
401 768 256 880 256 5 8\s15\s-15\s1000000\s11.91678560049425\s11.999993280005569\s100000 2\s20\s10000000000\s2.5 1\s0
w 896 256 880 256 0
w 592 400 624 400 0
w 624 400 624 352 0
w 624 352 560 352 0
w 560 304 560 352 0
R -16 -64 -64 -64 0 0 40 12 0 0 0.5
g 1456 192 1456 144 0 0
w 480 416 480 496 0
s 480 496 480 560 0 1 true
R 480 560 480 624 0 0 40 12 0 0 0.5
r 480 496 560 496 0 1000
g 560 496 560 544 0 0
g 256 304 256 352 0 0
g 1248 -112 1248 -144 0 0
o 67 64 0 4099 0.0000762939453125 0.00009765625 0 2 67 3
o 23 64 0 4099 20 0.00009765625 1 4 23 3 25 0 25 3
