$ 1 0.000005 58.6985430941709 50 5 43 5e-11
a 144 144 272 144 8 15 -15 1000000 5 -0.0000029352188962668973 100000
a 256 368 144 368 8 15 -15 1000000 0.8060881216280609 7.5 100000
w 272 144 272 96 0
w 352 96 352 64 0
c 352 64 416 64 4 4.7e-7 0.8060882687874709 0.001 0.1
r 352 96 416 96 0 620000
g 416 64 448 64 0 0
g 416 96 448 96 0 0
R 144 128 96 128 0 0 40 5 0 0 0.5
s 96 208 32 208 0 1 true
R 32 208 0 208 0 0 40 15 0 0 0.5
w 256 384 256 416 0
r 256 416 336 416 0 100000
R 336 416 384 416 0 0 40 15 0 0 0.5
r 256 432 256 512 0 100000
g 256 512 256 528 0 0
w 256 432 256 416 0
d 272 96 320 96 2 default
w 320 96 352 96 0
w 96 272 96 368 0
w 352 352 256 352 0
w 352 192 352 352 0
w 144 240 144 272 0
w 144 240 144 160 0
t 128 320 128 368 0 1 -30.001155082052946 -15.000482770646213 100 default
w 112 368 96 368 0
c 208 208 272 208 4 4.7e-7 0.000009232422692960324 0.001 0.1
g 272 208 304 208 0 0
w 96 272 144 272 0
r 96 368 96 432 0 100000
g 96 432 96 464 0 0
w 208 208 96 208 0
w 96 368 48 368 0
c 48 368 48 448 4 4.7e-7 -0.0000029352188962668973 0.001 0
g 48 448 48 464 0 0
w 352 96 352 128 0
w 368 128 352 128 0
r 368 128 464 128 0 56000
g 496 128 528 128 0 0
w 352 128 352 192 0
t 480 176 480 128 1 1 -15.80657303353003 -15.00048584781093 100 default
w 208 208 208 192 0
w 272 192 272 208 0
a 224 272 320 272 9 15 -15 1000000 5 0.000009232414587240756 100000
w 208 208 208 256 0
w 208 256 224 256 0
R 224 288 176 288 0 0 40 5 0 0 0.5
d 320 272 432 272 2 default
r 432 272 464 272 0 10000
w 480 176 480 272 0
w 464 272 480 272 0
r 320 320 128 320 0 10000
w 320 320 400 320 0
w 432 272 432 320 0
w 432 320 400 320 0
174 208 176 272 176 1 1000000 0.11390000000000002 Resistance
w 240 160 272 160 0
w 272 160 272 176 0
w 272 176 272 192 0
w 208 176 208 192 0
o 36 64 0 4098 20 0.1 0 2 36 3
